H-2 1 2 2.014102 300
0
2 0.000000E+00 244
9.999999E-12 0.000000E+00
1.000000E-11 1.378756E+02
1.125000E-11 1.299945E+02
1.250000E-11 1.233276E+02
1.375000E-11 1.175921E+02
1.500000E-11 1.125894E+02
1.625000E-11 1.081759E+02
1.750000E-11 1.042443E+02
2.000000E-11 9.751786E+01
2.187500E-11 9.324940E+01
2.375000E-11 8.949716E+01
2.562500E-11 8.616483E+01
2.750000E-11 8.317955E+01
3.125000E-11 7.803686E+01
3.500000E-11 7.374501E+01
3.875000E-11 7.009268E+01
4.250000E-11 6.693541E+01
4.625000E-11 6.417064E+01
5.000000E-11 6.172329E+01
5.625000E-11 5.820262E+01
6.250000E-11 5.522472E+01
6.875000E-11 5.266322E+01
7.500000E-11 5.042928E+01
8.125000E-11 4.845865E+01
8.750000E-11 4.670341E+01
1.000000E-10 4.370104E+01
1.125000E-10 4.121494E+01
1.250000E-10 3.911245E+01
1.375000E-10 3.730419E+01
1.500000E-10 3.572747E+01
1.625000E-10 3.433685E+01
1.750000E-10 3.309839E+01
2.000000E-10 3.098049E+01
2.187500E-10 2.963719E+01
2.375000E-10 2.845686E+01
2.562500E-10 2.740907E+01
2.750000E-10 2.647081E+01
3.125000E-10 2.485552E+01
3.500000E-10 2.350864E+01
3.875000E-10 2.236344E+01
4.250000E-10 2.137433E+01
4.625000E-10 2.050892E+01
5.000000E-10 1.974353E+01
5.625000E-10 1.864371E+01
6.250000E-10 1.771478E+01
6.875000E-10 1.691686E+01
7.500000E-10 1.622199E+01
8.125000E-10 1.560990E+01
8.750000E-10 1.506548E+01
1.000000E-09 1.413619E+01
1.125000E-09 1.336889E+01
1.250000E-09 1.272180E+01
1.375000E-09 1.216685E+01
1.500000E-09 1.168430E+01
1.625000E-09 1.125990E+01
1.750000E-09 1.088299E+01
2.000000E-09 1.024108E+01
2.187500E-09 9.835927E+00
2.375000E-09 9.481397E+00
2.750000E-09 8.888464E+00
3.125000E-09 8.410144E+00
3.500000E-09 8.014525E+00
3.875000E-09 7.680838E+00
4.250000E-09 7.394915E+00
4.625000E-09 7.146718E+00
5.000000E-09 6.928916E+00
5.625000E-09 6.619118E+00
6.250000E-09 6.360768E+00
6.875000E-09 6.141623E+00
7.500000E-09 5.953125E+00
8.750000E-09 5.644935E+00
1.000000E-08 5.403096E+00
1.125000E-08 5.207948E+00
1.250000E-08 5.047006E+00
1.375000E-08 4.911930E+00
1.500000E-08 4.796919E+00
1.750000E-08 4.611501E+00
2.000000E-08 4.468568E+00
2.265000E-08 4.349013E+00
2.530000E-08 4.252939E+00
2.838750E-08 4.162437E+00
3.147500E-08 4.088909E+00
3.765000E-08 3.976848E+00
4.382500E-08 3.895624E+00
5.000000E-08 3.834142E+00
6.250000E-08 3.746540E+00
7.500000E-08 3.688005E+00
8.750000E-08 3.646161E+00
1.000000E-07 3.614770E+00
1.250000E-07 3.570817E+00
1.500000E-07 3.541514E+00
1.750000E-07 3.520584E+00
2.000000E-07 3.504886E+00
2.750000E-07 3.474917E+00
3.500000E-07 3.457792E+00
4.250000E-07 3.446711E+00
5.000000E-07 3.438954E+00
6.250000E-07 3.430163E+00
7.500000E-07 3.424303E+00
8.750000E-07 3.420117E+00
1.000000E-06 3.416977E+00
1.250000E-06 3.412582E+00
1.500000E-06 3.409651E+00
1.750000E-06 3.407558E+00
2.000000E-06 3.405989E+00
2.750000E-06 3.402992E+00
3.500000E-06 3.401279E+00
4.250000E-06 3.400171E+00
5.000000E-06 3.399396E+00
6.250000E-06 3.398517E+00
7.500000E-06 3.397931E+00
8.750000E-06 3.397513E+00
1.000000E-05 3.397199E+00
1.250000E-05 3.396759E+00
1.500000E-05 3.396466E+00
1.750000E-05 3.396258E+00
2.000000E-05 3.396101E+00
2.750000E-05 3.395802E+00
3.500000E-05 3.395631E+00
4.250000E-05 3.395521E+00
5.000000E-05 3.395445E+00
6.250000E-05 3.395358E+00
7.500000E-05 3.395300E+00
8.750000E-05 3.395260E+00
1.000000E-04 3.395230E+00
1.250000E-04 3.395183E+00
1.500000E-04 3.395151E+00
1.750000E-04 3.395127E+00
2.000000E-04 3.395108E+00
2.750000E-04 3.395069E+00
3.500000E-04 3.395042E+00
4.250000E-04 3.395022E+00
5.000000E-04 3.395005E+00
6.250000E-04 3.394981E+00
7.500000E-04 3.394960E+00
8.750000E-04 3.394940E+00
1.000000E-03 3.394922E+00
1.250000E-03 3.394893E+00
1.500000E-03 3.394865E+00
1.750000E-03 3.394838E+00
2.000000E-03 3.394810E+00
2.250000E-03 3.394710E+00
2.500000E-03 3.394609E+00
3.000000E-03 3.394391E+00
3.500000E-03 3.391906E+00
4.000000E-03 3.389408E+00
4.500000E-03 3.387205E+00
5.000000E-03 3.385008E+00
6.250000E-03 3.380503E+00
7.500000E-03 3.376003E+00
8.750000E-03 3.371502E+00
1.000000E-02 3.367009E+00
1.250000E-02 3.360752E+00
1.500000E-02 3.354501E+00
1.750000E-02 3.348251E+00
2.000000E-02 3.342005E+00
2.250000E-02 3.336751E+00
2.500000E-02 3.331501E+00
3.000000E-02 3.321003E+00
3.500000E-02 3.311501E+00
4.000000E-02 3.302003E+00
4.500000E-02 3.293500E+00
5.000000E-02 3.285003E+00
6.000000E-02 3.270002E+00
7.000000E-02 3.256002E+00
8.000000E-02 3.243002E+00
9.000000E-02 3.231002E+00
1.000000E-01 3.220000E+00
1.200000E-01 3.198002E+00
1.400000E-01 3.178000E+00
1.600000E-01 3.158003E+00
1.800000E-01 3.140000E+00
2.000000E-01 3.122002E+00
2.250000E-01 3.101002E+00
2.500000E-01 3.082001E+00
2.750000E-01 3.064005E+00
3.000000E-01 3.050005E+00
3.500000E-01 3.029003E+00
4.000000E-01 3.012004E+00
4.500000E-01 3.000001E+00
5.000000E-01 2.988998E+00
5.500000E-01 2.976003E+00
6.000000E-01 2.965998E+00
6.500000E-01 2.954003E+00
7.000000E-01 2.944997E+00
7.500000E-01 2.933001E+00
8.000000E-01 2.921998E+00
8.500000E-01 2.909002E+00
9.000000E-01 2.897998E+00
9.500000E-01 2.885001E+00
1.000000E+00 2.872500E+00
1.200000E+00 2.822500E+00
1.500000E+00 2.730000E+00
1.750000E+00 2.640000E+00
1.950000E+00 2.555000E+00
2.000000E+00 2.540000E+00
2.250000E+00 2.445000E+00
2.450000E+00 2.360000E+00
2.500000E+00 2.345000E+00
2.750000E+00 2.250000E+00
3.000000E+00 2.160000E+00
3.270000E+00 2.060000E+00
3.339000E+00 2.050000E+00
3.339284E+00 2.049925E+00
3.400000E+00 2.033800E+00
3.500000E+00 2.002100E+00
3.750000E+00 1.937000E+00
4.000000E+00 1.862500E+00
4.250000E+00 1.801000E+00
4.500000E+00 1.745000E+00
5.000000E+00 1.623000E+00
5.500000E+00 1.521300E+00
5.600000E+00 1.503900E+00
6.000000E+00 1.424800E+00
6.500000E+00 1.344700E+00
7.000000E+00 1.268000E+00
7.250000E+00 1.232000E+00
7.500000E+00 1.197500E+00
7.850000E+00 1.150500E+00
8.000000E+00 1.127300E+00
8.500000E+00 1.063300E+00
9.000000E+00 1.014000E+00
9.500000E+00 9.558000E-01
9.700000E+00 9.427000E-01
1.000000E+01 9.130000E-01
1.050000E+01 8.660000E-01
1.100000E+01 8.245000E-01
1.150000E+01 7.865000E-01
1.175000E+01 7.705000E-01
1.200000E+01 7.500000E-01
1.217000E+01 7.400000E-01
1.225000E+01 7.352000E-01
1.250000E+01 7.160000E-01
1.300000E+01 6.830000E-01
1.350000E+01 6.560000E-01
1.400000E+01 6.300000E-01
1.410000E+01 6.210000E-01
1.450000E+01 6.044000E-01
1.500000E+01 5.810000E-01
1.600000E+01 5.360000E-01
1.700000E+01 4.980000E-01
1.800000E+01 4.644000E-01
1.900000E+01 4.317000E-01
2.000000E+01 4.027000E-01
102 6.257400E+00 244
9.999999E-12 0.000000E+00
1.000000E-11 2.544614E-02
1.125000E-11 2.399085E-02
1.250000E-11 2.275972E-02
1.375000E-11 2.170054E-02
1.500000E-11 2.077669E-02
1.625000E-11 1.996160E-02
1.750000E-11 1.923548E-02
2.000000E-11 1.799314E-02
2.187500E-11 1.720474E-02
2.375000E-11 1.651164E-02
2.562500E-11 1.589609E-02
2.750000E-11 1.534461E-02
3.125000E-11 1.439452E-02
3.500000E-11 1.360154E-02
3.875000E-11 1.292666E-02
4.250000E-11 1.234320E-02
4.625000E-11 1.183223E-02
5.000000E-11 1.137987E-02
5.625000E-11 1.072905E-02
6.250000E-11 1.017847E-02
6.875000E-11 9.704798E-03
7.500000E-11 9.291638E-03
8.125000E-11 8.927119E-03
8.750000E-11 8.602388E-03
1.000000E-10 8.046800E-03
1.125000E-10 7.586599E-03
1.250000E-10 7.197282E-03
1.375000E-10 6.862342E-03
1.500000E-10 6.570195E-03
1.625000E-10 6.312443E-03
1.750000E-10 6.082824E-03
2.000000E-10 5.689965E-03
2.187500E-10 5.440650E-03
2.375000E-10 5.221476E-03
2.562500E-10 5.026821E-03
2.750000E-10 4.852430E-03
3.125000E-10 4.551988E-03
3.500000E-10 4.301229E-03
3.875000E-10 4.087815E-03
4.250000E-10 3.903310E-03
4.625000E-10 3.741728E-03
5.000000E-10 3.598683E-03
5.625000E-10 3.392877E-03
6.250000E-10 3.218772E-03
6.875000E-10 3.068984E-03
7.500000E-10 2.938334E-03
8.125000E-10 2.823065E-03
8.750000E-10 2.720379E-03
1.000000E-09 2.544690E-03
1.125000E-09 2.399166E-03
1.250000E-09 2.276057E-03
1.375000E-09 2.170143E-03
1.500000E-09 2.077761E-03
1.625000E-09 1.996255E-03
1.750000E-09 1.923646E-03
2.000000E-09 1.799418E-03
2.187500E-09 1.720582E-03
2.375000E-09 1.651276E-03
2.750000E-09 1.534580E-03
3.125000E-09 1.439577E-03
3.500000E-09 1.360285E-03
3.875000E-09 1.292801E-03
4.250000E-09 1.234460E-03
4.625000E-09 1.183366E-03
5.000000E-09 1.138134E-03
5.625000E-09 1.073057E-03
6.250000E-09 1.018004E-03
6.875000E-09 9.706400E-04
7.500000E-09 9.293273E-04
8.750000E-09 8.604072E-04
1.000000E-08 8.048517E-04
1.125000E-08 7.588336E-04
1.250000E-08 7.199027E-04
1.375000E-08 6.864086E-04
1.500000E-08 6.571930E-04
1.750000E-08 6.084522E-04
2.000000E-08 5.691609E-04
2.265000E-08 5.348334E-04
2.530000E-08 5.060494E-04
2.838750E-08 4.777362E-04
3.147500E-08 4.536966E-04
3.765000E-08 4.148153E-04
4.382500E-08 3.844687E-04
5.000000E-08 3.599308E-04
6.250000E-08 3.219019E-04
7.500000E-08 2.938265E-04
8.750000E-08 2.720048E-04
1.000000E-07 2.544144E-04
1.250000E-07 2.275185E-04
1.500000E-07 2.076669E-04
1.750000E-07 1.922409E-04
2.000000E-07 1.798091E-04
2.750000E-07 1.533194E-04
3.500000E-07 1.358997E-04
4.250000E-07 1.233294E-04
5.000000E-07 1.137073E-04
6.250000E-07 1.017117E-04
7.500000E-07 9.284348E-05
8.750000E-07 8.593054E-05
1.000000E-06 8.035909E-05
1.250000E-06 7.188514E-05
1.500000E-06 6.562682E-05
1.750000E-06 6.073940E-05
2.000000E-06 5.681598E-05
2.750000E-06 4.842583E-05
3.500000E-06 4.293514E-05
4.250000E-06 3.897108E-05
5.000000E-06 3.589975E-05
6.250000E-06 3.210787E-05
7.500000E-06 2.931618E-05
8.750000E-06 2.712687E-05
1.000000E-05 2.536518E-05
1.250000E-05 2.268860E-05
1.500000E-05 2.071456E-05
1.750000E-05 1.916915E-05
2.000000E-05 1.793014E-05
2.750000E-05 1.528368E-05
3.500000E-05 1.354576E-05
4.250000E-05 1.229260E-05
5.000000E-05 1.132814E-05
6.250000E-05 1.012991E-05
7.500000E-05 9.247065E-06
8.750000E-05 8.558619E-06
1.000000E-04 8.003883E-06
1.250000E-04 7.151037E-06
1.500000E-04 6.522326E-06
1.750000E-04 6.032907E-06
2.000000E-04 5.639360E-06
2.750000E-04 4.800891E-06
3.500000E-04 4.250226E-06
4.250000E-04 3.853316E-06
5.000000E-04 3.549208E-06
6.250000E-04 3.170762E-06
7.500000E-04 2.891868E-06
8.750000E-04 2.675060E-06
1.000000E-03 2.500457E-06
1.250000E-03 2.233317E-06
1.500000E-03 2.036414E-06
1.750000E-03 1.883425E-06
2.000000E-03 1.760376E-06
2.250000E-03 1.670470E-06
2.500000E-03 1.594145E-06
3.000000E-03 1.470209E-06
3.500000E-03 1.376443E-06
4.000000E-03 1.300136E-06
4.500000E-03 1.240799E-06
5.000000E-03 1.190208E-06
6.250000E-03 1.125231E-06
7.500000E-03 1.074909E-06
8.750000E-03 1.034111E-06
1.000000E-02 1.000195E-06
1.250000E-02 1.007501E-06
1.500000E-02 1.015001E-06
1.750000E-02 1.022500E-06
2.000000E-02 1.030082E-06
2.250000E-02 1.060001E-06
2.500000E-02 1.090001E-06
3.000000E-02 1.150001E-06
3.500000E-02 1.210001E-06
4.000000E-02 1.270001E-06
4.500000E-02 1.330001E-06
5.000000E-02 1.389986E-06
6.000000E-02 1.500001E-06
7.000000E-02 1.610001E-06
8.000000E-02 1.719982E-06
9.000000E-02 1.820039E-06
1.000000E-01 1.939919E-06
1.200000E-01 2.100034E-06
1.400000E-01 2.289964E-06
1.600000E-01 2.449988E-06
1.800000E-01 2.599987E-06
2.000000E-01 2.740041E-06
2.250000E-01 2.949927E-06
2.500000E-01 3.099949E-06
2.750000E-01 3.210014E-06
3.000000E-01 3.330021E-06
3.500000E-01 3.599970E-06
4.000000E-01 3.829951E-06
4.500000E-01 4.000078E-06
5.000000E-01 4.259891E-06
5.500000E-01 4.400095E-06
6.000000E-01 4.639871E-06
6.500000E-01 4.750135E-06
7.000000E-01 4.989861E-06
7.500000E-01 5.100100E-06
8.000000E-01 5.299885E-06
8.500000E-01 5.400059E-06
9.000000E-01 5.549939E-06
9.500000E-01 5.650138E-06
1.000000E+00 5.859888E-06
1.200000E+00 6.350000E-06
1.500000E+00 7.000000E-06
1.750000E+00 7.400000E-06
1.950000E+00 7.700000E-06
2.000000E+00 7.820000E-06
2.250000E+00 8.100000E-06
2.450000E+00 8.400000E-06
2.500000E+00 8.500000E-06
2.750000E+00 8.800000E-06
3.000000E+00 9.000000E-06
3.270000E+00 9.100000E-06
3.339000E+00 9.200000E-06
3.339284E+00 9.200466E-06
3.400000E+00 9.300000E-06
3.500000E+00 9.400000E-06
3.750000E+00 9.600000E-06
4.000000E+00 9.700000E-06
4.250000E+00 9.900000E-06
4.500000E+00 1.000000E-05
5.000000E+00 1.015000E-05
5.500000E+00 1.030000E-05
5.600000E+00 1.040000E-05
6.000000E+00 1.050000E-05
6.500000E+00 1.060000E-05
7.000000E+00 1.075000E-05
7.250000E+00 1.080000E-05
7.500000E+00 1.080000E-05
7.850000E+00 1.075000E-05
8.000000E+00 1.070000E-05
8.500000E+00 1.065000E-05
9.000000E+00 1.060000E-05
9.500000E+00 1.045000E-05
9.700000E+00 1.035000E-05
1.000000E+01 1.030000E-05
1.050000E+01 1.025000E-05
1.100000E+01 1.020000E-05
1.150000E+01 1.010000E-05
1.175000E+01 1.000000E-05
1.200000E+01 1.000000E-05
1.217000E+01 1.000000E-05
1.225000E+01 9.900000E-06
1.250000E+01 9.900000E-06
1.300000E+01 9.700000E-06
1.350000E+01 9.600000E-06
1.400000E+01 9.500000E-06
1.410000E+01 9.400000E-06
1.450000E+01 9.300000E-06
1.500000E+01 9.200000E-06
1.600000E+01 9.000000E-06
1.700000E+01 8.700000E-06
1.800000E+01 8.500000E-06
1.900000E+01 8.200000E-06
2.000000E+01 8.100000E-06
